{"nbformat":4,"nbformat_minor":0,"metadata":{"colab":{"provenance":[],"authorship_tag":"ABX9TyOOxWqVVxddEt0tLcBto8xN"},"kernelspec":{"name":"python3","display_name":"Python 3"},"language_info":{"name":"python"}},"cells":[{"cell_type":"code","execution_count":35,"metadata":{"id":"bCHPqDDhsmnZ","executionInfo":{"status":"ok","timestamp":1681130356847,"user_tz":-120,"elapsed":1628,"user":{"displayName":"Sergio Benavides","userId":"03176181433014193181"}}},"outputs":[],"source":["from scipy.spatial import distance_matrix\n","import pandas as pd"]},{"cell_type":"code","source":["from google.colab import drive\n","drive.mount('/content/drive')"],"metadata":{"colab":{"base_uri":"https://localhost:8080/"},"id":"4pWVOJJEs8Ra","executionInfo":{"status":"ok","timestamp":1681130362679,"user_tz":-120,"elapsed":4922,"user":{"displayName":"Sergio Benavides","userId":"03176181433014193181"}},"outputId":"df5e630b-7ec6-439f-dec1-7dec08034603"},"execution_count":36,"outputs":[{"output_type":"stream","name":"stdout","text":["Drive already mounted at /content/drive; to attempt to forcibly remount, call drive.mount(\"/content/drive\", force_remount=True).\n"]}]},{"cell_type":"code","source":["data = pd.read_csv(\"/content/drive/MyDrive/Python Machine Learning JGG/datasets/movies/movies.csv\", sep=\";\")\n","data"],"metadata":{"colab":{"base_uri":"https://localhost:8080/","height":363},"id":"tngyHRG4tE16","executionInfo":{"status":"ok","timestamp":1681130365538,"user_tz":-120,"elapsed":11,"user":{"displayName":"Sergio Benavides","userId":"03176181433014193181"}},"outputId":"3063eb12-3f32-49ec-fa8c-fbf350f54907"},"execution_count":37,"outputs":[{"output_type":"execute_result","data":{"text/plain":["   user_id  star_wars  lord_of_the_rings  harry_potter\n","0        1        1.2                4.9           2.1\n","1        2        2.1                8.1           7.9\n","2        3        7.4                3.0           9.9\n","3        4        5.6                0.5           1.8\n","4        5        1.5                8.3           2.6\n","5        6        2.5                3.7           6.5\n","6        7        2.0                8.2           8.5\n","7        8        1.8                9.3           4.5\n","8        9        2.6                1.7           3.1\n","9       10        1.5                4.7           2.3"],"text/html":["\n","  <div id=\"df-f8e3f5c4-c16f-42e7-9e26-719a1c466582\">\n","    <div class=\"colab-df-container\">\n","      <div>\n","<style scoped>\n","    .dataframe tbody tr th:only-of-type {\n","        vertical-align: middle;\n","    }\n","\n","    .dataframe tbody tr th {\n","        vertical-align: top;\n","    }\n","\n","    .dataframe thead th {\n","        text-align: right;\n","    }\n","</style>\n","<table border=\"1\" class=\"dataframe\">\n","  <thead>\n","    <tr style=\"text-align: right;\">\n","      <th></th>\n","      <th>user_id</th>\n","      <th>star_wars</th>\n","      <th>lord_of_the_rings</th>\n","      <th>harry_potter</th>\n","    </tr>\n","  </thead>\n","  <tbody>\n","    <tr>\n","      <th>0</th>\n","      <td>1</td>\n","      <td>1.2</td>\n","      <td>4.9</td>\n","      <td>2.1</td>\n","    </tr>\n","    <tr>\n","      <th>1</th>\n","      <td>2</td>\n","      <td>2.1</td>\n","      <td>8.1</td>\n","      <td>7.9</td>\n","    </tr>\n","    <tr>\n","      <th>2</th>\n","      <td>3</td>\n","      <td>7.4</td>\n","      <td>3.0</td>\n","      <td>9.9</td>\n","    </tr>\n","    <tr>\n","      <th>3</th>\n","      <td>4</td>\n","      <td>5.6</td>\n","      <td>0.5</td>\n","      <td>1.8</td>\n","    </tr>\n","    <tr>\n","      <th>4</th>\n","      <td>5</td>\n","      <td>1.5</td>\n","      <td>8.3</td>\n","      <td>2.6</td>\n","    </tr>\n","    <tr>\n","      <th>5</th>\n","      <td>6</td>\n","      <td>2.5</td>\n","      <td>3.7</td>\n","      <td>6.5</td>\n","    </tr>\n","    <tr>\n","      <th>6</th>\n","      <td>7</td>\n","      <td>2.0</td>\n","      <td>8.2</td>\n","      <td>8.5</td>\n","    </tr>\n","    <tr>\n","      <th>7</th>\n","      <td>8</td>\n","      <td>1.8</td>\n","      <td>9.3</td>\n","      <td>4.5</td>\n","    </tr>\n","    <tr>\n","      <th>8</th>\n","      <td>9</td>\n","      <td>2.6</td>\n","      <td>1.7</td>\n","      <td>3.1</td>\n","    </tr>\n","    <tr>\n","      <th>9</th>\n","      <td>10</td>\n","      <td>1.5</td>\n","      <td>4.7</td>\n","      <td>2.3</td>\n","    </tr>\n","  </tbody>\n","</table>\n","</div>\n","      <button class=\"colab-df-convert\" onclick=\"convertToInteractive('df-f8e3f5c4-c16f-42e7-9e26-719a1c466582')\"\n","              title=\"Convert this dataframe to an interactive table.\"\n","              style=\"display:none;\">\n","        \n","  <svg xmlns=\"http://www.w3.org/2000/svg\" height=\"24px\"viewBox=\"0 0 24 24\"\n","       width=\"24px\">\n","    <path d=\"M0 0h24v24H0V0z\" fill=\"none\"/>\n","    <path d=\"M18.56 5.44l.94 2.06.94-2.06 2.06-.94-2.06-.94-.94-2.06-.94 2.06-2.06.94zm-11 1L8.5 8.5l.94-2.06 2.06-.94-2.06-.94L8.5 2.5l-.94 2.06-2.06.94zm10 10l.94 2.06.94-2.06 2.06-.94-2.06-.94-.94-2.06-.94 2.06-2.06.94z\"/><path d=\"M17.41 7.96l-1.37-1.37c-.4-.4-.92-.59-1.43-.59-.52 0-1.04.2-1.43.59L10.3 9.45l-7.72 7.72c-.78.78-.78 2.05 0 2.83L4 21.41c.39.39.9.59 1.41.59.51 0 1.02-.2 1.41-.59l7.78-7.78 2.81-2.81c.8-.78.8-2.07 0-2.86zM5.41 20L4 18.59l7.72-7.72 1.47 1.35L5.41 20z\"/>\n","  </svg>\n","      </button>\n","      \n","  <style>\n","    .colab-df-container {\n","      display:flex;\n","      flex-wrap:wrap;\n","      gap: 12px;\n","    }\n","\n","    .colab-df-convert {\n","      background-color: #E8F0FE;\n","      border: none;\n","      border-radius: 50%;\n","      cursor: pointer;\n","      display: none;\n","      fill: #1967D2;\n","      height: 32px;\n","      padding: 0 0 0 0;\n","      width: 32px;\n","    }\n","\n","    .colab-df-convert:hover {\n","      background-color: #E2EBFA;\n","      box-shadow: 0px 1px 2px rgba(60, 64, 67, 0.3), 0px 1px 3px 1px rgba(60, 64, 67, 0.15);\n","      fill: #174EA6;\n","    }\n","\n","    [theme=dark] .colab-df-convert {\n","      background-color: #3B4455;\n","      fill: #D2E3FC;\n","    }\n","\n","    [theme=dark] .colab-df-convert:hover {\n","      background-color: #434B5C;\n","      box-shadow: 0px 1px 3px 1px rgba(0, 0, 0, 0.15);\n","      filter: drop-shadow(0px 1px 2px rgba(0, 0, 0, 0.3));\n","      fill: #FFFFFF;\n","    }\n","  </style>\n","\n","      <script>\n","        const buttonEl =\n","          document.querySelector('#df-f8e3f5c4-c16f-42e7-9e26-719a1c466582 button.colab-df-convert');\n","        buttonEl.style.display =\n","          google.colab.kernel.accessAllowed ? 'block' : 'none';\n","\n","        async function convertToInteractive(key) {\n","          const element = document.querySelector('#df-f8e3f5c4-c16f-42e7-9e26-719a1c466582');\n","          const dataTable =\n","            await google.colab.kernel.invokeFunction('convertToInteractive',\n","                                                     [key], {});\n","          if (!dataTable) return;\n","\n","          const docLinkHtml = 'Like what you see? Visit the ' +\n","            '<a target=\"_blank\" href=https://colab.research.google.com/notebooks/data_table.ipynb>data table notebook</a>'\n","            + ' to learn more about interactive tables.';\n","          element.innerHTML = '';\n","          dataTable['output_type'] = 'display_data';\n","          await google.colab.output.renderOutput(dataTable, element);\n","          const docLink = document.createElement('div');\n","          docLink.innerHTML = docLinkHtml;\n","          element.appendChild(docLink);\n","        }\n","      </script>\n","    </div>\n","  </div>\n","  "]},"metadata":{},"execution_count":37}]},{"cell_type":"code","source":["# me interesa solo los valores de cada película, prescindo de la columna user id:\n","# convierto a lista cada una de las columnas\n","movies = data.columns.values.tolist()[1:]\n","movies"],"metadata":{"colab":{"base_uri":"https://localhost:8080/"},"id":"9IEgwUvDtXEU","executionInfo":{"status":"ok","timestamp":1681130367427,"user_tz":-120,"elapsed":4,"user":{"displayName":"Sergio Benavides","userId":"03176181433014193181"}},"outputId":"b365bbfe-8f99-41b0-b558-7fd07d3329cc"},"execution_count":38,"outputs":[{"output_type":"execute_result","data":{"text/plain":["['star_wars', 'lord_of_the_rings', 'harry_potter']"]},"metadata":{},"execution_count":38}]},{"cell_type":"code","source":["# calculo la matriz de distancias:\n","\n","dd1 = distance_matrix(data[movies], data[movies],p=1)\n","dd2 = distance_matrix(data[movies], data[movies],p=2)\n","dd10 = distance_matrix(data[movies], data[movies],p=10)"],"metadata":{"id":"e5cQzBictw8E","executionInfo":{"status":"ok","timestamp":1681130369392,"user_tz":-120,"elapsed":1,"user":{"displayName":"Sergio Benavides","userId":"03176181433014193181"}}},"execution_count":39,"outputs":[]},{"cell_type":"code","source":["dd1"],"metadata":{"colab":{"base_uri":"https://localhost:8080/"},"id":"IDJ6pilVuErN","executionInfo":{"status":"ok","timestamp":1681130371231,"user_tz":-120,"elapsed":5,"user":{"displayName":"Sergio Benavides","userId":"03176181433014193181"}},"outputId":"6476db6c-793e-405e-e1a6-325813ffdedf"},"execution_count":40,"outputs":[{"output_type":"execute_result","data":{"text/plain":["array([[ 0. ,  9.9, 15.9,  9.1,  4.2,  6.9, 10.5,  7.4,  5.6,  0.7],\n","       [ 9.9,  0. , 12.4, 17.2,  6.1,  6.2,  0.8,  4.9, 11.7,  9.6],\n","       [15.9, 12.4,  0. , 12.4, 18.5,  9. , 12. , 17.3, 12.9, 15.2],\n","       [ 9.1, 17.2, 12.4,  0. , 12.7, 11. , 18. , 15.3,  5.5,  8.8],\n","       [ 4.2,  6.1, 18.5, 12.7,  0. ,  9.5,  6.5,  3.2,  8.2,  3.9],\n","       [ 6.9,  6.2,  9. , 11. ,  9.5,  0. ,  7. ,  8.3,  5.5,  6.2],\n","       [10.5,  0.8, 12. , 18. ,  6.5,  7. ,  0. ,  5.3, 12.5, 10.2],\n","       [ 7.4,  4.9, 17.3, 15.3,  3.2,  8.3,  5.3,  0. ,  9.8,  7.1],\n","       [ 5.6, 11.7, 12.9,  5.5,  8.2,  5.5, 12.5,  9.8,  0. ,  4.9],\n","       [ 0.7,  9.6, 15.2,  8.8,  3.9,  6.2, 10.2,  7.1,  4.9,  0. ]])"]},"metadata":{},"execution_count":40}]},{"cell_type":"code","source":["dd2"],"metadata":{"colab":{"base_uri":"https://localhost:8080/"},"id":"i6qVjXQ5uHMy","executionInfo":{"status":"ok","timestamp":1681130372879,"user_tz":-120,"elapsed":4,"user":{"displayName":"Sergio Benavides","userId":"03176181433014193181"}},"outputId":"cac0282e-4e28-4331-87a5-726fa3c0e5bb"},"execution_count":41,"outputs":[{"output_type":"execute_result","data":{"text/plain":["array([[ 0.        ,  6.68505797, 10.14347081,  6.22976725,  3.44963766,\n","         4.74236228,  7.24499827,  5.04777179,  3.63318042,  0.41231056],\n","       [ 6.68505797,  0.        ,  7.6223356 , 10.35470907,  5.33760246,\n","         4.63465209,  0.6164414 ,  3.6180105 ,  8.01560977,  6.57875368],\n","       [10.14347081,  7.6223356 ,  0.        ,  8.66602562, 10.77914653,\n","         6.00499792,  7.62627039, 10.01049449,  8.42436941,  9.77036335],\n","       [ 6.22976725, 10.35470907,  8.66602562,  0.        ,  8.84816365,\n","         6.47610994, 10.82312339,  9.95841353,  3.48281495,  5.89067059],\n","       [ 3.44963766,  5.33760246, 10.77914653,  8.84816365,  0.        ,\n","         6.11310069,  5.92199291,  2.16794834,  6.70969448,  3.61247837],\n","       [ 4.74236228,  4.63465209,  6.00499792,  6.47610994,  6.11310069,\n","         0.        ,  4.94974747,  5.98748695,  3.94588393,  4.43170396],\n","       [ 7.24499827,  0.6164414 ,  7.62627039, 10.82312339,  5.92199291,\n","         4.94974747,  0.        ,  4.15331193,  8.47171765,  7.13722635],\n","       [ 5.04777179,  3.6180105 , 10.01049449,  9.95841353,  2.16794834,\n","         5.98748695,  4.15331193,  0.        ,  7.76916984,  5.10783712],\n","       [ 3.63318042,  8.01560977,  8.42436941,  3.48281495,  6.70969448,\n","         3.94588393,  8.47171765,  7.76916984,  0.        ,  3.29393382],\n","       [ 0.41231056,  6.57875368,  9.77036335,  5.89067059,  3.61247837,\n","         4.43170396,  7.13722635,  5.10783712,  3.29393382,  0.        ]])"]},"metadata":{},"execution_count":41}]},{"cell_type":"code","source":["dd10"],"metadata":{"colab":{"base_uri":"https://localhost:8080/"},"id":"3ngx6G9VuGqg","executionInfo":{"status":"ok","timestamp":1681130375079,"user_tz":-120,"elapsed":464,"user":{"displayName":"Sergio Benavides","userId":"03176181433014193181"}},"outputId":"915befd2-6eee-495d-8046-3dcd5b9ed5af"},"execution_count":42,"outputs":[{"output_type":"execute_result","data":{"text/plain":["array([[0.        , 5.80151405, 7.87518912, 4.71580324, 3.4       ,\n","        4.40000323, 6.40084969, 4.40102467, 3.20008504, 0.3010246 ],\n","       [5.80151405, 0.        , 5.58246346, 7.68068873, 5.3       ,\n","        4.40000468, 0.6       , 3.4000102 , 6.43515864, 5.60379989],\n","       [7.87518912, 5.58246346, 0.        , 8.10000659, 7.40891444,\n","        4.91253202, 5.68944974, 6.57025374, 6.82060178, 7.65836384],\n","       [4.71580324, 7.68068873, 8.10000659, 0.        , 7.80125508,\n","        4.71710153, 7.87330678, 8.80020486, 3.00010148, 4.45075873],\n","       [3.4       , 5.3       , 7.40891444, 7.80125508, 0.        ,\n","        4.68146419, 5.9       , 1.90030967, 6.60000001, 3.6       ],\n","       [4.40000323, 4.40000468, 4.91253202, 4.71710153, 4.68146419,\n","        0.        , 4.50013531, 5.60001891, 3.40168276, 4.20000049],\n","       [6.40084969, 0.6       , 5.68944974, 7.87330678, 5.9       ,\n","        4.50013531, 0.        , 4.00000099, 6.59525879, 6.20203476],\n","       [4.40102467, 3.4000102 , 6.57025374, 8.80020486, 1.90030967,\n","        5.60001891, 4.00000099, 0.        , 7.60000003, 4.60028793],\n","       [3.20008504, 6.43515864, 6.82060178, 3.00010148, 6.60000001,\n","        3.40168276, 6.59525879, 7.60000003, 0.        , 3.00001372],\n","       [0.3010246 , 5.60379989, 7.65836384, 4.45075873, 3.6       ,\n","        4.20000049, 6.20203476, 4.60028793, 3.00001372, 0.        ]])"]},"metadata":{},"execution_count":42}]},{"cell_type":"code","source":["# pero así es poco visual, lo pasamos a dataframe\n","\n","#hacemos función para pasar de matriz de distancias (dm) a dataframe (df):\n","\n","def dm_to_df(dd,col_name):\n","    import pandas as pd\n","    return pd.DataFrame(dd, index=col_name, columns=col_name)"],"metadata":{"id":"dsUijzpMuSC5","executionInfo":{"status":"ok","timestamp":1681130376623,"user_tz":-120,"elapsed":6,"user":{"displayName":"Sergio Benavides","userId":"03176181433014193181"}}},"execution_count":43,"outputs":[]},{"cell_type":"code","source":["dm_to_df(dd1,data[\"user_id\"])"],"metadata":{"colab":{"base_uri":"https://localhost:8080/","height":394},"id":"SY9zv6chu65v","executionInfo":{"status":"ok","timestamp":1681130377753,"user_tz":-120,"elapsed":9,"user":{"displayName":"Sergio Benavides","userId":"03176181433014193181"}},"outputId":"a3e6dc6a-c7b1-48e7-925f-cb29e02e3d65"},"execution_count":44,"outputs":[{"output_type":"execute_result","data":{"text/plain":["user_id    1     2     3     4     5     6     7     8     9     10\n","user_id                                                            \n","1         0.0   9.9  15.9   9.1   4.2   6.9  10.5   7.4   5.6   0.7\n","2         9.9   0.0  12.4  17.2   6.1   6.2   0.8   4.9  11.7   9.6\n","3        15.9  12.4   0.0  12.4  18.5   9.0  12.0  17.3  12.9  15.2\n","4         9.1  17.2  12.4   0.0  12.7  11.0  18.0  15.3   5.5   8.8\n","5         4.2   6.1  18.5  12.7   0.0   9.5   6.5   3.2   8.2   3.9\n","6         6.9   6.2   9.0  11.0   9.5   0.0   7.0   8.3   5.5   6.2\n","7        10.5   0.8  12.0  18.0   6.5   7.0   0.0   5.3  12.5  10.2\n","8         7.4   4.9  17.3  15.3   3.2   8.3   5.3   0.0   9.8   7.1\n","9         5.6  11.7  12.9   5.5   8.2   5.5  12.5   9.8   0.0   4.9\n","10        0.7   9.6  15.2   8.8   3.9   6.2  10.2   7.1   4.9   0.0"],"text/html":["\n","  <div id=\"df-53ce435a-9407-4f06-8700-c4e84d7c672d\">\n","    <div class=\"colab-df-container\">\n","      <div>\n","<style scoped>\n","    .dataframe tbody tr th:only-of-type {\n","        vertical-align: middle;\n","    }\n","\n","    .dataframe tbody tr th {\n","        vertical-align: top;\n","    }\n","\n","    .dataframe thead th {\n","        text-align: right;\n","    }\n","</style>\n","<table border=\"1\" class=\"dataframe\">\n","  <thead>\n","    <tr style=\"text-align: right;\">\n","      <th>user_id</th>\n","      <th>1</th>\n","      <th>2</th>\n","      <th>3</th>\n","      <th>4</th>\n","      <th>5</th>\n","      <th>6</th>\n","      <th>7</th>\n","      <th>8</th>\n","      <th>9</th>\n","      <th>10</th>\n","    </tr>\n","    <tr>\n","      <th>user_id</th>\n","      <th></th>\n","      <th></th>\n","      <th></th>\n","      <th></th>\n","      <th></th>\n","      <th></th>\n","      <th></th>\n","      <th></th>\n","      <th></th>\n","      <th></th>\n","    </tr>\n","  </thead>\n","  <tbody>\n","    <tr>\n","      <th>1</th>\n","      <td>0.0</td>\n","      <td>9.9</td>\n","      <td>15.9</td>\n","      <td>9.1</td>\n","      <td>4.2</td>\n","      <td>6.9</td>\n","      <td>10.5</td>\n","      <td>7.4</td>\n","      <td>5.6</td>\n","      <td>0.7</td>\n","    </tr>\n","    <tr>\n","      <th>2</th>\n","      <td>9.9</td>\n","      <td>0.0</td>\n","      <td>12.4</td>\n","      <td>17.2</td>\n","      <td>6.1</td>\n","      <td>6.2</td>\n","      <td>0.8</td>\n","      <td>4.9</td>\n","      <td>11.7</td>\n","      <td>9.6</td>\n","    </tr>\n","    <tr>\n","      <th>3</th>\n","      <td>15.9</td>\n","      <td>12.4</td>\n","      <td>0.0</td>\n","      <td>12.4</td>\n","      <td>18.5</td>\n","      <td>9.0</td>\n","      <td>12.0</td>\n","      <td>17.3</td>\n","      <td>12.9</td>\n","      <td>15.2</td>\n","    </tr>\n","    <tr>\n","      <th>4</th>\n","      <td>9.1</td>\n","      <td>17.2</td>\n","      <td>12.4</td>\n","      <td>0.0</td>\n","      <td>12.7</td>\n","      <td>11.0</td>\n","      <td>18.0</td>\n","      <td>15.3</td>\n","      <td>5.5</td>\n","      <td>8.8</td>\n","    </tr>\n","    <tr>\n","      <th>5</th>\n","      <td>4.2</td>\n","      <td>6.1</td>\n","      <td>18.5</td>\n","      <td>12.7</td>\n","      <td>0.0</td>\n","      <td>9.5</td>\n","      <td>6.5</td>\n","      <td>3.2</td>\n","      <td>8.2</td>\n","      <td>3.9</td>\n","    </tr>\n","    <tr>\n","      <th>6</th>\n","      <td>6.9</td>\n","      <td>6.2</td>\n","      <td>9.0</td>\n","      <td>11.0</td>\n","      <td>9.5</td>\n","      <td>0.0</td>\n","      <td>7.0</td>\n","      <td>8.3</td>\n","      <td>5.5</td>\n","      <td>6.2</td>\n","    </tr>\n","    <tr>\n","      <th>7</th>\n","      <td>10.5</td>\n","      <td>0.8</td>\n","      <td>12.0</td>\n","      <td>18.0</td>\n","      <td>6.5</td>\n","      <td>7.0</td>\n","      <td>0.0</td>\n","      <td>5.3</td>\n","      <td>12.5</td>\n","      <td>10.2</td>\n","    </tr>\n","    <tr>\n","      <th>8</th>\n","      <td>7.4</td>\n","      <td>4.9</td>\n","      <td>17.3</td>\n","      <td>15.3</td>\n","      <td>3.2</td>\n","      <td>8.3</td>\n","      <td>5.3</td>\n","      <td>0.0</td>\n","      <td>9.8</td>\n","      <td>7.1</td>\n","    </tr>\n","    <tr>\n","      <th>9</th>\n","      <td>5.6</td>\n","      <td>11.7</td>\n","      <td>12.9</td>\n","      <td>5.5</td>\n","      <td>8.2</td>\n","      <td>5.5</td>\n","      <td>12.5</td>\n","      <td>9.8</td>\n","      <td>0.0</td>\n","      <td>4.9</td>\n","    </tr>\n","    <tr>\n","      <th>10</th>\n","      <td>0.7</td>\n","      <td>9.6</td>\n","      <td>15.2</td>\n","      <td>8.8</td>\n","      <td>3.9</td>\n","      <td>6.2</td>\n","      <td>10.2</td>\n","      <td>7.1</td>\n","      <td>4.9</td>\n","      <td>0.0</td>\n","    </tr>\n","  </tbody>\n","</table>\n","</div>\n","      <button class=\"colab-df-convert\" onclick=\"convertToInteractive('df-53ce435a-9407-4f06-8700-c4e84d7c672d')\"\n","              title=\"Convert this dataframe to an interactive table.\"\n","              style=\"display:none;\">\n","        \n","  <svg xmlns=\"http://www.w3.org/2000/svg\" height=\"24px\"viewBox=\"0 0 24 24\"\n","       width=\"24px\">\n","    <path d=\"M0 0h24v24H0V0z\" fill=\"none\"/>\n","    <path d=\"M18.56 5.44l.94 2.06.94-2.06 2.06-.94-2.06-.94-.94-2.06-.94 2.06-2.06.94zm-11 1L8.5 8.5l.94-2.06 2.06-.94-2.06-.94L8.5 2.5l-.94 2.06-2.06.94zm10 10l.94 2.06.94-2.06 2.06-.94-2.06-.94-.94-2.06-.94 2.06-2.06.94z\"/><path d=\"M17.41 7.96l-1.37-1.37c-.4-.4-.92-.59-1.43-.59-.52 0-1.04.2-1.43.59L10.3 9.45l-7.72 7.72c-.78.78-.78 2.05 0 2.83L4 21.41c.39.39.9.59 1.41.59.51 0 1.02-.2 1.41-.59l7.78-7.78 2.81-2.81c.8-.78.8-2.07 0-2.86zM5.41 20L4 18.59l7.72-7.72 1.47 1.35L5.41 20z\"/>\n","  </svg>\n","      </button>\n","      \n","  <style>\n","    .colab-df-container {\n","      display:flex;\n","      flex-wrap:wrap;\n","      gap: 12px;\n","    }\n","\n","    .colab-df-convert {\n","      background-color: #E8F0FE;\n","      border: none;\n","      border-radius: 50%;\n","      cursor: pointer;\n","      display: none;\n","      fill: #1967D2;\n","      height: 32px;\n","      padding: 0 0 0 0;\n","      width: 32px;\n","    }\n","\n","    .colab-df-convert:hover {\n","      background-color: #E2EBFA;\n","      box-shadow: 0px 1px 2px rgba(60, 64, 67, 0.3), 0px 1px 3px 1px rgba(60, 64, 67, 0.15);\n","      fill: #174EA6;\n","    }\n","\n","    [theme=dark] .colab-df-convert {\n","      background-color: #3B4455;\n","      fill: #D2E3FC;\n","    }\n","\n","    [theme=dark] .colab-df-convert:hover {\n","      background-color: #434B5C;\n","      box-shadow: 0px 1px 3px 1px rgba(0, 0, 0, 0.15);\n","      filter: drop-shadow(0px 1px 2px rgba(0, 0, 0, 0.3));\n","      fill: #FFFFFF;\n","    }\n","  </style>\n","\n","      <script>\n","        const buttonEl =\n","          document.querySelector('#df-53ce435a-9407-4f06-8700-c4e84d7c672d button.colab-df-convert');\n","        buttonEl.style.display =\n","          google.colab.kernel.accessAllowed ? 'block' : 'none';\n","\n","        async function convertToInteractive(key) {\n","          const element = document.querySelector('#df-53ce435a-9407-4f06-8700-c4e84d7c672d');\n","          const dataTable =\n","            await google.colab.kernel.invokeFunction('convertToInteractive',\n","                                                     [key], {});\n","          if (!dataTable) return;\n","\n","          const docLinkHtml = 'Like what you see? Visit the ' +\n","            '<a target=\"_blank\" href=https://colab.research.google.com/notebooks/data_table.ipynb>data table notebook</a>'\n","            + ' to learn more about interactive tables.';\n","          element.innerHTML = '';\n","          dataTable['output_type'] = 'display_data';\n","          await google.colab.output.renderOutput(dataTable, element);\n","          const docLink = document.createElement('div');\n","          docLink.innerHTML = docLinkHtml;\n","          element.appendChild(docLink);\n","        }\n","      </script>\n","    </div>\n","  </div>\n","  "]},"metadata":{},"execution_count":44}]},{"cell_type":"code","source":["# lectura de la tabla de arriba: \n","# el usuario 1 y 10 se parecen (su distancia es solo 0.7). Lo mismo con 2 y 7\n","# usuarios que no se parecen: 3 y 5, 4 y 7"],"metadata":{"id":"cFVB5Je_vrnV"},"execution_count":null,"outputs":[]},{"cell_type":"code","source":["dm_to_df(dd2,data[\"user_id\"])"],"metadata":{"colab":{"base_uri":"https://localhost:8080/","height":394},"id":"K45U2SbEvG8X","executionInfo":{"status":"ok","timestamp":1681130380648,"user_tz":-120,"elapsed":767,"user":{"displayName":"Sergio Benavides","userId":"03176181433014193181"}},"outputId":"e4c1c3b2-407e-457a-debb-925864e663a2"},"execution_count":45,"outputs":[{"output_type":"execute_result","data":{"text/plain":["user_id         1          2          3          4          5         6   \\\n","user_id                                                                    \n","1         0.000000   6.685058  10.143471   6.229767   3.449638  4.742362   \n","2         6.685058   0.000000   7.622336  10.354709   5.337602  4.634652   \n","3        10.143471   7.622336   0.000000   8.666026  10.779147  6.004998   \n","4         6.229767  10.354709   8.666026   0.000000   8.848164  6.476110   \n","5         3.449638   5.337602  10.779147   8.848164   0.000000  6.113101   \n","6         4.742362   4.634652   6.004998   6.476110   6.113101  0.000000   \n","7         7.244998   0.616441   7.626270  10.823123   5.921993  4.949747   \n","8         5.047772   3.618011  10.010494   9.958414   2.167948  5.987487   \n","9         3.633180   8.015610   8.424369   3.482815   6.709694  3.945884   \n","10        0.412311   6.578754   9.770363   5.890671   3.612478  4.431704   \n","\n","user_id         7          8         9         10  \n","user_id                                            \n","1         7.244998   5.047772  3.633180  0.412311  \n","2         0.616441   3.618011  8.015610  6.578754  \n","3         7.626270  10.010494  8.424369  9.770363  \n","4        10.823123   9.958414  3.482815  5.890671  \n","5         5.921993   2.167948  6.709694  3.612478  \n","6         4.949747   5.987487  3.945884  4.431704  \n","7         0.000000   4.153312  8.471718  7.137226  \n","8         4.153312   0.000000  7.769170  5.107837  \n","9         8.471718   7.769170  0.000000  3.293934  \n","10        7.137226   5.107837  3.293934  0.000000  "],"text/html":["\n","  <div id=\"df-a3c0caf1-b9ca-469f-b20f-600c54557104\">\n","    <div class=\"colab-df-container\">\n","      <div>\n","<style scoped>\n","    .dataframe tbody tr th:only-of-type {\n","        vertical-align: middle;\n","    }\n","\n","    .dataframe tbody tr th {\n","        vertical-align: top;\n","    }\n","\n","    .dataframe thead th {\n","        text-align: right;\n","    }\n","</style>\n","<table border=\"1\" class=\"dataframe\">\n","  <thead>\n","    <tr style=\"text-align: right;\">\n","      <th>user_id</th>\n","      <th>1</th>\n","      <th>2</th>\n","      <th>3</th>\n","      <th>4</th>\n","      <th>5</th>\n","      <th>6</th>\n","      <th>7</th>\n","      <th>8</th>\n","      <th>9</th>\n","      <th>10</th>\n","    </tr>\n","    <tr>\n","      <th>user_id</th>\n","      <th></th>\n","      <th></th>\n","      <th></th>\n","      <th></th>\n","      <th></th>\n","      <th></th>\n","      <th></th>\n","      <th></th>\n","      <th></th>\n","      <th></th>\n","    </tr>\n","  </thead>\n","  <tbody>\n","    <tr>\n","      <th>1</th>\n","      <td>0.000000</td>\n","      <td>6.685058</td>\n","      <td>10.143471</td>\n","      <td>6.229767</td>\n","      <td>3.449638</td>\n","      <td>4.742362</td>\n","      <td>7.244998</td>\n","      <td>5.047772</td>\n","      <td>3.633180</td>\n","      <td>0.412311</td>\n","    </tr>\n","    <tr>\n","      <th>2</th>\n","      <td>6.685058</td>\n","      <td>0.000000</td>\n","      <td>7.622336</td>\n","      <td>10.354709</td>\n","      <td>5.337602</td>\n","      <td>4.634652</td>\n","      <td>0.616441</td>\n","      <td>3.618011</td>\n","      <td>8.015610</td>\n","      <td>6.578754</td>\n","    </tr>\n","    <tr>\n","      <th>3</th>\n","      <td>10.143471</td>\n","      <td>7.622336</td>\n","      <td>0.000000</td>\n","      <td>8.666026</td>\n","      <td>10.779147</td>\n","      <td>6.004998</td>\n","      <td>7.626270</td>\n","      <td>10.010494</td>\n","      <td>8.424369</td>\n","      <td>9.770363</td>\n","    </tr>\n","    <tr>\n","      <th>4</th>\n","      <td>6.229767</td>\n","      <td>10.354709</td>\n","      <td>8.666026</td>\n","      <td>0.000000</td>\n","      <td>8.848164</td>\n","      <td>6.476110</td>\n","      <td>10.823123</td>\n","      <td>9.958414</td>\n","      <td>3.482815</td>\n","      <td>5.890671</td>\n","    </tr>\n","    <tr>\n","      <th>5</th>\n","      <td>3.449638</td>\n","      <td>5.337602</td>\n","      <td>10.779147</td>\n","      <td>8.848164</td>\n","      <td>0.000000</td>\n","      <td>6.113101</td>\n","      <td>5.921993</td>\n","      <td>2.167948</td>\n","      <td>6.709694</td>\n","      <td>3.612478</td>\n","    </tr>\n","    <tr>\n","      <th>6</th>\n","      <td>4.742362</td>\n","      <td>4.634652</td>\n","      <td>6.004998</td>\n","      <td>6.476110</td>\n","      <td>6.113101</td>\n","      <td>0.000000</td>\n","      <td>4.949747</td>\n","      <td>5.987487</td>\n","      <td>3.945884</td>\n","      <td>4.431704</td>\n","    </tr>\n","    <tr>\n","      <th>7</th>\n","      <td>7.244998</td>\n","      <td>0.616441</td>\n","      <td>7.626270</td>\n","      <td>10.823123</td>\n","      <td>5.921993</td>\n","      <td>4.949747</td>\n","      <td>0.000000</td>\n","      <td>4.153312</td>\n","      <td>8.471718</td>\n","      <td>7.137226</td>\n","    </tr>\n","    <tr>\n","      <th>8</th>\n","      <td>5.047772</td>\n","      <td>3.618011</td>\n","      <td>10.010494</td>\n","      <td>9.958414</td>\n","      <td>2.167948</td>\n","      <td>5.987487</td>\n","      <td>4.153312</td>\n","      <td>0.000000</td>\n","      <td>7.769170</td>\n","      <td>5.107837</td>\n","    </tr>\n","    <tr>\n","      <th>9</th>\n","      <td>3.633180</td>\n","      <td>8.015610</td>\n","      <td>8.424369</td>\n","      <td>3.482815</td>\n","      <td>6.709694</td>\n","      <td>3.945884</td>\n","      <td>8.471718</td>\n","      <td>7.769170</td>\n","      <td>0.000000</td>\n","      <td>3.293934</td>\n","    </tr>\n","    <tr>\n","      <th>10</th>\n","      <td>0.412311</td>\n","      <td>6.578754</td>\n","      <td>9.770363</td>\n","      <td>5.890671</td>\n","      <td>3.612478</td>\n","      <td>4.431704</td>\n","      <td>7.137226</td>\n","      <td>5.107837</td>\n","      <td>3.293934</td>\n","      <td>0.000000</td>\n","    </tr>\n","  </tbody>\n","</table>\n","</div>\n","      <button class=\"colab-df-convert\" onclick=\"convertToInteractive('df-a3c0caf1-b9ca-469f-b20f-600c54557104')\"\n","              title=\"Convert this dataframe to an interactive table.\"\n","              style=\"display:none;\">\n","        \n","  <svg xmlns=\"http://www.w3.org/2000/svg\" height=\"24px\"viewBox=\"0 0 24 24\"\n","       width=\"24px\">\n","    <path d=\"M0 0h24v24H0V0z\" fill=\"none\"/>\n","    <path d=\"M18.56 5.44l.94 2.06.94-2.06 2.06-.94-2.06-.94-.94-2.06-.94 2.06-2.06.94zm-11 1L8.5 8.5l.94-2.06 2.06-.94-2.06-.94L8.5 2.5l-.94 2.06-2.06.94zm10 10l.94 2.06.94-2.06 2.06-.94-2.06-.94-.94-2.06-.94 2.06-2.06.94z\"/><path d=\"M17.41 7.96l-1.37-1.37c-.4-.4-.92-.59-1.43-.59-.52 0-1.04.2-1.43.59L10.3 9.45l-7.72 7.72c-.78.78-.78 2.05 0 2.83L4 21.41c.39.39.9.59 1.41.59.51 0 1.02-.2 1.41-.59l7.78-7.78 2.81-2.81c.8-.78.8-2.07 0-2.86zM5.41 20L4 18.59l7.72-7.72 1.47 1.35L5.41 20z\"/>\n","  </svg>\n","      </button>\n","      \n","  <style>\n","    .colab-df-container {\n","      display:flex;\n","      flex-wrap:wrap;\n","      gap: 12px;\n","    }\n","\n","    .colab-df-convert {\n","      background-color: #E8F0FE;\n","      border: none;\n","      border-radius: 50%;\n","      cursor: pointer;\n","      display: none;\n","      fill: #1967D2;\n","      height: 32px;\n","      padding: 0 0 0 0;\n","      width: 32px;\n","    }\n","\n","    .colab-df-convert:hover {\n","      background-color: #E2EBFA;\n","      box-shadow: 0px 1px 2px rgba(60, 64, 67, 0.3), 0px 1px 3px 1px rgba(60, 64, 67, 0.15);\n","      fill: #174EA6;\n","    }\n","\n","    [theme=dark] .colab-df-convert {\n","      background-color: #3B4455;\n","      fill: #D2E3FC;\n","    }\n","\n","    [theme=dark] .colab-df-convert:hover {\n","      background-color: #434B5C;\n","      box-shadow: 0px 1px 3px 1px rgba(0, 0, 0, 0.15);\n","      filter: drop-shadow(0px 1px 2px rgba(0, 0, 0, 0.3));\n","      fill: #FFFFFF;\n","    }\n","  </style>\n","\n","      <script>\n","        const buttonEl =\n","          document.querySelector('#df-a3c0caf1-b9ca-469f-b20f-600c54557104 button.colab-df-convert');\n","        buttonEl.style.display =\n","          google.colab.kernel.accessAllowed ? 'block' : 'none';\n","\n","        async function convertToInteractive(key) {\n","          const element = document.querySelector('#df-a3c0caf1-b9ca-469f-b20f-600c54557104');\n","          const dataTable =\n","            await google.colab.kernel.invokeFunction('convertToInteractive',\n","                                                     [key], {});\n","          if (!dataTable) return;\n","\n","          const docLinkHtml = 'Like what you see? Visit the ' +\n","            '<a target=\"_blank\" href=https://colab.research.google.com/notebooks/data_table.ipynb>data table notebook</a>'\n","            + ' to learn more about interactive tables.';\n","          element.innerHTML = '';\n","          dataTable['output_type'] = 'display_data';\n","          await google.colab.output.renderOutput(dataTable, element);\n","          const docLink = document.createElement('div');\n","          docLink.innerHTML = docLinkHtml;\n","          element.appendChild(docLink);\n","        }\n","      </script>\n","    </div>\n","  </div>\n","  "]},"metadata":{},"execution_count":45}]},{"cell_type":"code","source":["dm_to_df(dd10,data[\"user_id\"])"],"metadata":{"colab":{"base_uri":"https://localhost:8080/","height":394},"id":"SyOoMAWYvHVU","executionInfo":{"status":"ok","timestamp":1681130382588,"user_tz":-120,"elapsed":5,"user":{"displayName":"Sergio Benavides","userId":"03176181433014193181"}},"outputId":"d6a10d34-3423-4042-fa4f-23f62d75e142"},"execution_count":46,"outputs":[{"output_type":"execute_result","data":{"text/plain":["user_id        1         2         3         4         5         6         7   \\\n","user_id                                                                         \n","1        0.000000  5.801514  7.875189  4.715803  3.400000  4.400003  6.400850   \n","2        5.801514  0.000000  5.582463  7.680689  5.300000  4.400005  0.600000   \n","3        7.875189  5.582463  0.000000  8.100007  7.408914  4.912532  5.689450   \n","4        4.715803  7.680689  8.100007  0.000000  7.801255  4.717102  7.873307   \n","5        3.400000  5.300000  7.408914  7.801255  0.000000  4.681464  5.900000   \n","6        4.400003  4.400005  4.912532  4.717102  4.681464  0.000000  4.500135   \n","7        6.400850  0.600000  5.689450  7.873307  5.900000  4.500135  0.000000   \n","8        4.401025  3.400010  6.570254  8.800205  1.900310  5.600019  4.000001   \n","9        3.200085  6.435159  6.820602  3.000101  6.600000  3.401683  6.595259   \n","10       0.301025  5.603800  7.658364  4.450759  3.600000  4.200000  6.202035   \n","\n","user_id        8         9         10  \n","user_id                                \n","1        4.401025  3.200085  0.301025  \n","2        3.400010  6.435159  5.603800  \n","3        6.570254  6.820602  7.658364  \n","4        8.800205  3.000101  4.450759  \n","5        1.900310  6.600000  3.600000  \n","6        5.600019  3.401683  4.200000  \n","7        4.000001  6.595259  6.202035  \n","8        0.000000  7.600000  4.600288  \n","9        7.600000  0.000000  3.000014  \n","10       4.600288  3.000014  0.000000  "],"text/html":["\n","  <div id=\"df-98c24dc8-c2fe-4a99-b432-95531e2be3e5\">\n","    <div class=\"colab-df-container\">\n","      <div>\n","<style scoped>\n","    .dataframe tbody tr th:only-of-type {\n","        vertical-align: middle;\n","    }\n","\n","    .dataframe tbody tr th {\n","        vertical-align: top;\n","    }\n","\n","    .dataframe thead th {\n","        text-align: right;\n","    }\n","</style>\n","<table border=\"1\" class=\"dataframe\">\n","  <thead>\n","    <tr style=\"text-align: right;\">\n","      <th>user_id</th>\n","      <th>1</th>\n","      <th>2</th>\n","      <th>3</th>\n","      <th>4</th>\n","      <th>5</th>\n","      <th>6</th>\n","      <th>7</th>\n","      <th>8</th>\n","      <th>9</th>\n","      <th>10</th>\n","    </tr>\n","    <tr>\n","      <th>user_id</th>\n","      <th></th>\n","      <th></th>\n","      <th></th>\n","      <th></th>\n","      <th></th>\n","      <th></th>\n","      <th></th>\n","      <th></th>\n","      <th></th>\n","      <th></th>\n","    </tr>\n","  </thead>\n","  <tbody>\n","    <tr>\n","      <th>1</th>\n","      <td>0.000000</td>\n","      <td>5.801514</td>\n","      <td>7.875189</td>\n","      <td>4.715803</td>\n","      <td>3.400000</td>\n","      <td>4.400003</td>\n","      <td>6.400850</td>\n","      <td>4.401025</td>\n","      <td>3.200085</td>\n","      <td>0.301025</td>\n","    </tr>\n","    <tr>\n","      <th>2</th>\n","      <td>5.801514</td>\n","      <td>0.000000</td>\n","      <td>5.582463</td>\n","      <td>7.680689</td>\n","      <td>5.300000</td>\n","      <td>4.400005</td>\n","      <td>0.600000</td>\n","      <td>3.400010</td>\n","      <td>6.435159</td>\n","      <td>5.603800</td>\n","    </tr>\n","    <tr>\n","      <th>3</th>\n","      <td>7.875189</td>\n","      <td>5.582463</td>\n","      <td>0.000000</td>\n","      <td>8.100007</td>\n","      <td>7.408914</td>\n","      <td>4.912532</td>\n","      <td>5.689450</td>\n","      <td>6.570254</td>\n","      <td>6.820602</td>\n","      <td>7.658364</td>\n","    </tr>\n","    <tr>\n","      <th>4</th>\n","      <td>4.715803</td>\n","      <td>7.680689</td>\n","      <td>8.100007</td>\n","      <td>0.000000</td>\n","      <td>7.801255</td>\n","      <td>4.717102</td>\n","      <td>7.873307</td>\n","      <td>8.800205</td>\n","      <td>3.000101</td>\n","      <td>4.450759</td>\n","    </tr>\n","    <tr>\n","      <th>5</th>\n","      <td>3.400000</td>\n","      <td>5.300000</td>\n","      <td>7.408914</td>\n","      <td>7.801255</td>\n","      <td>0.000000</td>\n","      <td>4.681464</td>\n","      <td>5.900000</td>\n","      <td>1.900310</td>\n","      <td>6.600000</td>\n","      <td>3.600000</td>\n","    </tr>\n","    <tr>\n","      <th>6</th>\n","      <td>4.400003</td>\n","      <td>4.400005</td>\n","      <td>4.912532</td>\n","      <td>4.717102</td>\n","      <td>4.681464</td>\n","      <td>0.000000</td>\n","      <td>4.500135</td>\n","      <td>5.600019</td>\n","      <td>3.401683</td>\n","      <td>4.200000</td>\n","    </tr>\n","    <tr>\n","      <th>7</th>\n","      <td>6.400850</td>\n","      <td>0.600000</td>\n","      <td>5.689450</td>\n","      <td>7.873307</td>\n","      <td>5.900000</td>\n","      <td>4.500135</td>\n","      <td>0.000000</td>\n","      <td>4.000001</td>\n","      <td>6.595259</td>\n","      <td>6.202035</td>\n","    </tr>\n","    <tr>\n","      <th>8</th>\n","      <td>4.401025</td>\n","      <td>3.400010</td>\n","      <td>6.570254</td>\n","      <td>8.800205</td>\n","      <td>1.900310</td>\n","      <td>5.600019</td>\n","      <td>4.000001</td>\n","      <td>0.000000</td>\n","      <td>7.600000</td>\n","      <td>4.600288</td>\n","    </tr>\n","    <tr>\n","      <th>9</th>\n","      <td>3.200085</td>\n","      <td>6.435159</td>\n","      <td>6.820602</td>\n","      <td>3.000101</td>\n","      <td>6.600000</td>\n","      <td>3.401683</td>\n","      <td>6.595259</td>\n","      <td>7.600000</td>\n","      <td>0.000000</td>\n","      <td>3.000014</td>\n","    </tr>\n","    <tr>\n","      <th>10</th>\n","      <td>0.301025</td>\n","      <td>5.603800</td>\n","      <td>7.658364</td>\n","      <td>4.450759</td>\n","      <td>3.600000</td>\n","      <td>4.200000</td>\n","      <td>6.202035</td>\n","      <td>4.600288</td>\n","      <td>3.000014</td>\n","      <td>0.000000</td>\n","    </tr>\n","  </tbody>\n","</table>\n","</div>\n","      <button class=\"colab-df-convert\" onclick=\"convertToInteractive('df-98c24dc8-c2fe-4a99-b432-95531e2be3e5')\"\n","              title=\"Convert this dataframe to an interactive table.\"\n","              style=\"display:none;\">\n","        \n","  <svg xmlns=\"http://www.w3.org/2000/svg\" height=\"24px\"viewBox=\"0 0 24 24\"\n","       width=\"24px\">\n","    <path d=\"M0 0h24v24H0V0z\" fill=\"none\"/>\n","    <path d=\"M18.56 5.44l.94 2.06.94-2.06 2.06-.94-2.06-.94-.94-2.06-.94 2.06-2.06.94zm-11 1L8.5 8.5l.94-2.06 2.06-.94-2.